#-------------------------------------
#            Geometry                 
#-------------------------------------
Bravais Lattice: 
[[1.  0.  0. ]
 [0.4 1.  0. ]
 [0.  0.  1. ]]
N = [5, 5, 5]
Basis: 
[[0.  0.  0. ]
 [0.7 0.5 0. ]]

#-------------------------------------
#       Quantities           
#-------------------------------------
Original magnetization: 
[[-7.320e-02  9.670e-01  2.442e-01]
 [-2.567e-01 -3.973e-01 -8.811e-01]
 [ 1.728e-01 -9.678e-01 -1.830e-01]
 [-7.199e-01  1.881e-01  6.681e-01]
 [ 3.981e-01 -8.324e-01  3.856e-01]
 [ 9.901e-01  1.149e-01 -8.087e-02]
 [ 7.492e-02 -9.966e-01 -3.519e-02]
 [-8.228e-01  1.246e-01  5.545e-01]
 [ 1.078e-01  9.942e-01 -1.514e-03]
 [-7.478e-01 -6.616e-01 -5.580e-02]
 [ 5.878e-01 -5.099e-01 -6.282e-01]
 [ 5.320e-01  5.559e-01 -6.388e-01]
 [-6.240e-01 -6.244e-01  4.699e-01]
 [-8.592e-01  8.913e-02  5.038e-01]
 [-9.221e-01  3.436e-01  1.782e-01]
 [-2.095e-01  8.254e-01 -5.242e-01]
 [ 2.470e-01 -8.683e-01  4.302e-01]
 [ 5.796e-01 -6.894e-01  4.346e-01]
 [-1.717e-01  9.994e-02  9.801e-01]
 [-1.843e-01 -1.078e-01  9.769e-01]
 [ 7.778e-03 -1.215e-01  9.926e-01]
 [-3.018e-01 -7.327e-01 -6.100e-01]
 [ 4.693e-02 -1.919e-01 -9.803e-01]
 [-8.280e-02 -1.511e-01  9.850e-01]
 [-1.654e-01  3.655e-04  9.862e-01]
 [-4.339e-01 -9.009e-01 -1.456e-02]
 [ 8.547e-01 -5.190e-01 -8.192e-03]
 [ 3.117e-01  9.430e-01  1.165e-01]
 [ 9.573e-01  1.932e-01  2.152e-01]
 [-4.105e-01  7.211e-01  5.581e-01]
 [-3.462e-01 -8.035e-01  4.844e-01]
 [-3.272e-01  8.983e-02 -9.407e-01]
 [ 8.332e-01 -4.218e-01 -3.576e-01]
 [ 9.901e-01  2.493e-02  1.383e-01]
 [ 9.953e-01  6.558e-02 -7.066e-02]
 [ 5.486e-01  5.461e-02 -8.343e-01]
 [ 1.011e-01  8.745e-01 -4.744e-01]
 [-9.441e-01  3.974e-02 -3.273e-01]
 [-4.776e-01 -7.835e-01  3.975e-01]
 [ 5.679e-01  5.797e-01 -5.844e-01]
 [ 1.049e-01 -1.051e-01 -9.889e-01]
 [-3.261e-01 -8.751e-01  3.576e-01]
 [ 9.997e-01  1.822e-02 -1.536e-02]
 [ 1.754e-01 -1.886e-01 -9.663e-01]
 [ 8.844e-01  3.417e-01 -3.180e-01]
 [-1.933e-01  7.662e-01 -6.128e-01]
 [-1.774e-01  2.449e-01  9.532e-01]
 [-1.865e-01 -6.064e-01  7.730e-01]
 [ 9.973e-01 -5.502e-02  4.822e-02]
 [ 3.463e-01 -5.961e-02 -9.362e-01]
 [-9.730e-02  1.623e-01  9.819e-01]
 [-5.357e-01 -4.445e-01  7.180e-01]
 [-7.160e-01 -3.073e-01 -6.268e-01]
 [-4.623e-01  7.585e-03  8.867e-01]
 [ 2.546e-02 -8.576e-01  5.138e-01]
 [-1.362e-01 -1.234e-02  9.906e-01]
 [ 7.984e-01  5.000e-01  3.355e-01]
 [ 7.170e-01 -2.892e-01 -6.343e-01]
 [-7.801e-01  1.313e-01 -6.118e-01]
 [-9.842e-01  5.273e-02 -1.693e-01]
 [-1.570e-01  2.442e-01  9.569e-01]
 [ 8.322e-02  4.832e-01 -8.715e-01]
 [ 9.221e-01  6.323e-02  3.818e-01]
 [-6.060e-02  9.677e-01  2.446e-01]
 [-3.237e-01 -6.013e-01 -7.305e-01]
 [ 3.241e-01  8.254e-01 -4.622e-01]
 [ 4.078e-01  7.043e-01 -5.811e-01]
 [-5.989e-01  3.742e-01 -7.081e-01]
 [ 4.858e-01  7.885e-01 -3.773e-01]
 [-8.462e-01  5.327e-01 -1.303e-02]
 [-2.574e-01  5.102e-01 -8.206e-01]
 [ 3.059e-01  9.474e-01  9.389e-02]
 [-2.658e-02  2.730e-01  9.617e-01]
 [ 5.328e-01  6.377e-02  8.438e-01]
 [-3.501e-01 -7.142e-01 -6.061e-01]
 [-2.873e-01  5.884e-02 -9.560e-01]
 [-1.310e-01  4.352e-02  9.904e-01]
 [-7.678e-01  5.874e-01  2.559e-01]
 [-1.701e-01  6.307e-01 -7.572e-01]
 [ 4.364e-01 -1.811e-02  8.996e-01]
 [ 9.927e-02  6.010e-01 -7.930e-01]
 [-1.006e-01  3.629e-01 -9.264e-01]
 [-3.053e-01  4.119e-01 -8.586e-01]
 [-7.234e-01  4.613e-01  5.138e-01]
 [ 1.129e-01  4.755e-01 -8.724e-01]
 [-7.983e-01  6.013e-01 -3.381e-02]
 [-8.766e-01  4.804e-01  2.664e-02]
 [-6.449e-01  1.335e-01  7.526e-01]
 [-5.284e-02  3.643e-02  9.979e-01]
 [-1.358e-01 -1.513e-01  9.791e-01]
 [-9.631e-01 -2.015e-01  1.782e-01]
 [ 3.978e-02  5.060e-01 -8.616e-01]
 [ 9.419e-01 -3.291e-01  6.737e-02]
 [-9.267e-01 -3.631e-01 -9.715e-02]
 [-1.585e-02  3.429e-01 -9.393e-01]
 [-5.538e-02 -6.348e-01 -7.707e-01]
 [ 5.620e-01 -2.655e-01 -7.834e-01]
 [ 7.847e-01 -6.157e-01  7.193e-02]
 [-9.741e-01 -6.564e-02  2.164e-01]
 [-4.373e-01 -4.395e-01  7.846e-01]
 [ 3.424e-01  7.732e-01 -5.338e-01]
 [ 2.762e-01  4.855e-02  9.599e-01]
 [-5.795e-02 -5.689e-01 -8.204e-01]
 [-5.926e-02 -6.939e-01 -7.176e-01]
 [ 7.597e-01 -3.332e-01 -5.585e-01]
 [-7.170e-01 -6.211e-01  3.164e-01]
 [ 8.161e-01 -5.362e-01 -2.156e-01]
 [-8.636e-02  1.129e-01  9.898e-01]
 [ 9.837e-01 -4.434e-02 -1.741e-01]
 [ 2.331e-01 -7.954e-01 -5.595e-01]
 [-2.963e-01  2.446e-01 -9.232e-01]
 [-1.286e-01 -3.870e-01 -9.131e-01]
 [-3.841e-01  4.824e-01  7.873e-01]
 [ 9.799e-01  1.992e-01 -9.428e-03]
 [ 4.299e-01 -5.984e-01  6.761e-01]
 [-6.624e-01  6.363e-02  7.465e-01]
 [ 8.722e-01  2.727e-01 -4.061e-01]
 [-8.400e-01  4.966e-01 -2.189e-01]
 [-1.051e-01 -6.790e-01 -7.265e-01]
 [ 1.395e-01 -9.819e-01 -1.282e-01]
 [-2.691e-01 -1.865e-01  9.449e-01]
 [-5.212e-01 -1.242e-01  8.444e-01]
 [ 3.936e-02 -6.375e-01 -7.694e-01]
 [-1.698e-02 -1.709e-02  9.997e-01]
 [-6.256e-03 -8.387e-02  9.965e-01]
 [ 2.868e-01  6.318e-01  7.201e-01]
 [ 9.208e-03 -1.092e-03 -1.000e+00]
 [-8.532e-01  3.597e-01  3.778e-01]
 [ 8.360e-01  4.692e-01  2.844e-01]
 [ 3.510e-01  8.268e-01  4.395e-01]
 [-2.412e-01 -5.764e-01 -7.808e-01]
 [-3.047e-01  4.899e-01  8.168e-01]
 [-9.040e-01  4.064e-01  1.327e-01]
 [ 6.940e-01  3.634e-01  6.216e-01]
 [-6.111e-01 -7.021e-01 -3.656e-01]
 [ 2.692e-01  1.035e-01 -9.575e-01]
 [-1.577e-01 -9.448e-01 -2.873e-01]
 [ 1.955e-01  3.085e-01 -9.309e-01]
 [-7.201e-01 -3.994e-02  6.927e-01]
 [ 7.974e-02 -9.605e-01  2.664e-01]
 [-1.871e-01  3.006e-01  9.352e-01]
 [-8.954e-02  5.387e-01  8.377e-01]
 [-4.332e-01  7.241e-01 -5.367e-01]
 [ 7.348e-01  4.072e-01  5.424e-01]
 [-1.942e-01 -3.639e-01  9.110e-01]
 [-5.291e-01  7.659e-01  3.652e-01]
 [-5.031e-02  3.809e-01  9.233e-01]
 [-1.930e-02 -5.729e-01 -8.194e-01]
 [-9.208e-01 -3.877e-01 -4.245e-02]
 [-6.367e-01  4.620e-01 -6.174e-01]
 [ 4.213e-01  1.320e-01 -8.972e-01]
 [-4.452e-01 -7.091e-02  8.926e-01]
 [ 5.408e-01  3.001e-01 -7.858e-01]
 [-8.192e-01  2.349e-01  5.233e-01]
 [ 8.760e-01 -2.484e-01 -4.135e-01]
 [ 5.199e-01  6.911e-01 -5.021e-01]
 [-4.438e-01 -8.706e-01 -2.124e-01]
 [ 6.850e-01  6.736e-01 -2.777e-01]
 [ 4.118e-01  1.344e-01 -9.013e-01]
 [-1.487e-01  1.000e-01  9.838e-01]
 [ 7.883e-01 -5.855e-01  1.890e-01]
 [-7.755e-02  9.931e-01  8.803e-02]
 [ 1.807e-01  9.206e-01 -3.462e-01]
 [ 8.454e-01 -7.913e-02 -5.282e-01]
 [ 9.304e-02 -4.734e-01  8.759e-01]
 [-4.396e-01 -1.686e-01  8.822e-01]
 [ 2.786e-01  9.602e-01 -1.981e-02]
 [ 1.486e-01  1.798e-01 -9.724e-01]
 [-1.368e-01  5.947e-01 -7.922e-01]
 [-5.091e-01  1.922e-01  8.390e-01]
 [-5.610e-01  8.151e-01 -1.446e-01]
 [-5.141e-01  8.492e-04  8.577e-01]
 [ 8.328e-02  1.227e-01  9.889e-01]
 [-5.590e-01  1.839e-01  8.085e-01]
 [-8.459e-01 -1.784e-01  5.026e-01]
 [ 1.210e-01  4.471e-02  9.916e-01]
 [ 3.641e-01  4.446e-01 -8.184e-01]
 [-4.921e-01 -7.588e-01 -4.267e-01]
 [-1.451e-01 -9.734e-01  1.773e-01]
 [ 3.238e-01 -3.098e-01  8.940e-01]
 [-2.391e-01 -1.738e-02  9.709e-01]
 [ 6.507e-01  3.484e-01 -6.747e-01]
 [ 1.391e-01 -2.040e-01  9.690e-01]
 [ 4.965e-02  1.590e-01  9.860e-01]
 [ 4.848e-01  5.111e-01  7.098e-01]
 [-2.226e-02 -7.442e-03 -9.997e-01]
 [-5.105e-01 -1.515e-01 -8.464e-01]
 [-9.650e-01 -1.779e-01 -1.925e-01]
 [ 1.691e-01 -8.027e-01  5.718e-01]
 [ 2.552e-01  8.404e-01  4.780e-01]
 [ 2.418e-01  6.938e-01  6.784e-01]
 [-1.006e-01  7.315e-01  6.743e-01]
 [ 1.797e-01  8.099e-01 -5.583e-01]
 [ 6.235e-02 -4.048e-02  9.972e-01]
 [-5.878e-02 -8.681e-02 -9.945e-01]
 [-1.191e-01  9.278e-01 -3.536e-01]
 [-1.901e-01  9.818e-01 -5.070e-04]
 [-1.944e-01  9.610e-01  1.967e-01]
 [ 4.756e-01 -6.367e-01  6.070e-01]
 [-3.605e-01 -1.108e-01 -9.261e-01]
 [ 1.194e-01  7.275e-01  6.757e-01]
 [-7.970e-02  3.559e-02  9.962e-01]
 [-4.283e-01  9.024e-01  4.668e-02]
 [-5.923e-02  1.175e-01  9.913e-01]
 [ 9.890e-01  1.032e-01  1.062e-01]
 [ 1.062e-01  9.926e-01 -5.862e-02]
 [ 1.942e-01  9.304e-01  3.108e-01]
 [ 1.389e-01  7.102e-01  6.901e-01]
 [-2.119e-01  9.190e-01 -3.325e-01]
 [ 9.079e-01 -3.781e-01  1.811e-01]
 [-2.669e-01 -4.100e-01  8.722e-01]
 [-1.390e-01 -3.355e-01 -9.317e-01]
 [ 1.380e-01  3.375e-01 -9.312e-01]
 [ 5.885e-01 -3.557e-02 -8.077e-01]
 [-2.446e-01  1.460e-01 -9.586e-01]
 [ 5.724e-01 -6.486e-01  5.016e-01]
 [ 8.485e-01  2.564e-01  4.630e-01]
 [-9.744e-01 -4.803e-02 -2.195e-01]
 [ 6.250e-05  2.017e-02  9.998e-01]
 [ 9.799e-02  9.441e-01  3.149e-01]
 [-2.235e-01 -8.349e-01  5.030e-01]
 [-5.450e-01 -8.250e-01  1.498e-01]
 [ 7.116e-01  6.561e-01 -2.512e-01]
 [-2.348e-01 -3.721e-01  8.980e-01]
 [ 7.485e-02 -1.512e-01 -9.857e-01]
 [-4.917e-01  3.400e-01 -8.016e-01]
 [ 2.522e-01  5.284e-01  8.107e-01]
 [ 2.147e-02  2.328e-02 -9.995e-01]
 [ 5.104e-01  1.247e-01  8.508e-01]
 [-7.614e-01 -5.112e-01 -3.986e-01]
 [ 5.814e-01  4.914e-01  6.485e-01]
 [-6.943e-02 -1.736e-01 -9.824e-01]
 [-7.405e-01 -6.718e-01  1.561e-02]
 [ 2.823e-03  1.412e-03  1.000e+00]
 [ 4.556e-01 -8.790e-01 -1.408e-01]
 [ 1.673e-02  5.097e-01 -8.602e-01]
 [ 1.321e-02  8.941e-02  9.959e-01]
 [-5.472e-01 -3.372e-01 -7.661e-01]
 [ 6.861e-02  4.035e-04 -9.976e-01]
 [-4.202e-02  9.934e-02 -9.942e-01]
 [-6.460e-02  5.696e-01 -8.194e-01]
 [ 6.406e-01  3.805e-02  7.669e-01]
 [-2.734e-01 -8.716e-01  4.069e-01]
 [-7.828e-01  5.165e-01 -3.471e-01]
 [ 9.438e-01 -2.820e-01  1.726e-01]
 [ 9.736e-01  2.061e-01 -9.807e-02]
 [-2.249e-01  5.805e-01 -7.826e-01]
 [ 7.304e-01 -6.103e-01 -3.066e-01]
 [-4.401e-02 -9.973e-01  5.813e-02]
 [ 5.075e-01 -4.826e-02  8.603e-01]]

Padded magnetizations:
Sublattice: 0
[[-0.073  0.967  0.244]
 [ 0.173 -0.968 -0.183]
 [ 0.398 -0.832  0.386]
 ...
 [ 0.     0.     0.   ]
 [ 0.     0.     0.   ]
 [ 0.     0.     0.   ]]
Sublattice: 1
[[-0.257 -0.397 -0.881]
 [-0.72   0.188  0.668]
 [ 0.99   0.115 -0.081]
 ...
 [ 0.     0.     0.   ]
 [ 0.     0.     0.   ]
 [ 0.     0.     0.   ]]
Padded D-Matrices
Sublattice: 0, 0
[[[ 0.     0.     0.   ]
  [ 0.     0.     0.   ]
  [ 0.     0.     0.   ]]

 [[ 0.    -0.    -0.   ]
  [-0.    -1.     0.   ]
  [-0.     0.    -1.   ]]

 [[ 0.    -0.    -0.   ]
  [-0.    -0.125  0.   ]
  [-0.     0.    -0.125]]

 ...

 [[-0.003  0.005  0.005]
  [ 0.005 -0.019  0.001]
  [ 0.005  0.001 -0.019]]

 [[-0.012  0.014  0.014]
  [ 0.014 -0.04   0.006]
  [ 0.014  0.006 -0.04 ]]

 [[-0.064  0.045  0.045]
  [ 0.045 -0.095  0.032]
  [ 0.045  0.032 -0.095]]]
Sublattice: 0, 1
[[[-5.307e-01  7.430e-01  0.000e+00]
  [ 7.430e-01 -1.040e+00  0.000e+00]
  [ 0.000e+00  0.000e+00 -1.571e+00]]

 [[-3.709e+00 -2.225e+00 -0.000e+00]
  [-2.225e+00 -1.335e+00  0.000e+00]
  [-0.000e+00  0.000e+00 -5.044e+00]]

 [[-4.769e-02 -1.240e-01 -0.000e+00]
  [-1.240e-01 -3.224e-01  0.000e+00]
  [-0.000e+00  0.000e+00 -3.701e-01]]

 ...

 [[-1.803e-03  3.412e-03  2.275e-03]
  [ 3.412e-03 -9.882e-03  8.323e-04]
  [ 2.275e-03  8.323e-04 -1.058e-02]]

 [[-5.480e-03  7.841e-03  5.227e-03]
  [ 7.841e-03 -1.789e-02  2.529e-03]
  [ 5.227e-03  2.529e-03 -2.000e-02]]

 [[-2.001e-02  1.940e-02  1.293e-02]
  [ 1.940e-02 -3.331e-02  9.237e-03]
  [ 1.293e-02  9.237e-03 -4.101e-02]]]
Sublattice: 1, 0
[[[-0.531  0.743 -0.   ]
  [ 0.743 -1.04  -0.   ]
  [-0.    -0.    -1.571]]

 [[-0.014  0.049 -0.   ]
  [ 0.049 -0.165 -0.   ]
  [-0.    -0.    -0.18 ]]

 [[-0.002  0.009 -0.   ]
  [ 0.009 -0.047 -0.   ]
  [-0.    -0.    -0.048]]

 ...

 [[-0.006  0.006  0.013]
  [ 0.006 -0.039  0.002]
  [ 0.013  0.002 -0.035]]

 [[-0.036  0.024  0.049]
  [ 0.024 -0.112  0.014]
  [ 0.049  0.014 -0.09 ]]

 [[-0.313  0.088  0.175]
  [ 0.088 -0.373  0.125]
  [ 0.175  0.125 -0.185]]]
Sublattice: 1, 1
[[[ 0.     0.     0.   ]
  [ 0.     0.     0.   ]
  [ 0.     0.     0.   ]]

 [[ 0.    -0.    -0.   ]
  [-0.    -1.     0.   ]
  [-0.     0.    -1.   ]]

 [[ 0.    -0.    -0.   ]
  [-0.    -0.125  0.   ]
  [-0.     0.    -0.125]]

 ...

 [[-0.003  0.005  0.005]
  [ 0.005 -0.019  0.001]
  [ 0.005  0.001 -0.019]]

 [[-0.012  0.014  0.014]
  [ 0.014 -0.04   0.006]
  [ 0.014  0.006 -0.04 ]]

 [[-0.064  0.045  0.045]
  [ 0.045 -0.095  0.032]
  [ 0.045  0.032 -0.095]]]
#-------------------------------------
#            Direct Conv.             
#-------------------------------------
Convolution: 
[[ 1.931+9.747e-18j -0.026+5.483e-18j  2.455+2.113e-16j]
 [ 4.602-3.475e-18j  2.819+9.349e-17j -2.75 -1.808e-16j]
 [ 2.48 +8.857e-19j  4.594+3.438e-16j -2.732+1.455e-16j]
 ...
 [ 0.083+7.984e-17j  0.012-6.126e-17j -0.073+2.913e-16j]
 [ 0.049+6.912e-17j -0.052+2.226e-16j -0.059-5.332e-17j]
 [ 0.079-2.330e-16j -0.186+3.092e-17j  0.03 -3.251e-17j]]

#-------------------------------------
#               Results               
#-------------------------------------
Brute Force Gradients: 
[[ 1.859e-01 -1.612e+00 -1.447e+00]
 [-1.931e+00  2.619e-02 -2.455e+00]
 [-3.410e+00 -1.095e+00 -2.338e+00]
 [-4.602e+00 -2.819e+00  2.750e+00]
 [-3.181e+00 -4.997e+00  3.105e+00]
 [-2.480e+00 -4.594e+00  2.732e+00]
 [ 4.894e+00  2.581e+00  1.428e+00]
 [ 4.161e+00 -8.534e-02  4.023e+00]
 [-2.800e+00 -2.040e+00  4.179e+00]
 [-2.136e+00  1.435e+00  6.287e+00]
 [-3.344e+00 -7.923e-01 -4.114e+00]
 [-3.726e+00 -1.662e+00  4.716e+00]
 [ 9.390e-01  1.890e+00 -1.349e+00]
 [-2.420e+00  5.201e-01 -2.200e+00]
 [ 7.378e-01  1.199e+00  3.304e+00]
 [-2.725e-01 -5.821e-01  9.090e+00]
 [ 1.934e+00 -1.564e+00  2.451e+00]
 [ 4.340e-01  1.208e+00  7.227e+00]
 [-4.383e+00 -8.288e-01  4.697e+00]
 [ 1.554e+00  3.517e+00  3.198e+00]
 [ 3.075e+00  2.257e+00 -4.891e+00]
 [-3.344e+00 -1.074e+00 -1.739e+00]
 [-5.945e+00 -2.188e+00  1.332e+00]
 [ 2.238e+00 -6.870e-03 -3.872e-02]
 [ 1.116e+00  5.565e-01  2.173e+00]
 [ 4.668e+00  7.420e+00  1.055e+00]
 [-4.887e+00  1.688e+00  3.718e+00]
 [ 5.143e+00  3.632e+00  4.441e-01]
 [ 1.489e-01  1.917e+00  7.720e+00]
 [-3.560e+00 -1.687e+00  2.586e+00]
 [-3.052e+00 -9.528e-02 -4.930e+00]
 [ 2.279e+00  1.424e+00 -5.769e+00]
 [-1.226e+00 -1.138e+00 -1.081e+00]
 [ 7.348e+00  4.817e+00 -3.280e+00]
 [ 7.052e-01  2.361e+00  7.326e-02]
 [ 4.837e+00  5.271e+00 -2.940e+00]
 [ 4.237e+00  4.947e+00 -2.495e+00]
 [-5.169e+00 -2.020e-01  5.705e+00]
 [-4.062e+00 -1.699e-02  7.704e-01]
 [ 2.604e+00  2.055e+00  1.283e+00]
 [-1.165e+00 -3.747e-01 -4.368e+00]
 [ 4.470e+00  3.454e+00 -3.573e+00]
 [ 1.563e+00  1.805e+00 -2.165e+00]
 [ 4.964e+00  1.276e+00 -2.143e+00]
 [ 1.956e+00  1.964e+00 -8.694e+00]
 [-5.813e-01 -2.431e+00  3.141e+00]
 [-3.472e+00 -1.888e+00 -5.040e+00]
 [ 2.073e+00  3.072e+00 -9.406e-02]
 [-7.504e-01  2.009e+00  6.884e-01]
 [-1.533e-01 -1.476e+00  5.959e-01]
 [ 1.051e-01  4.254e-01  8.586e-01]
 [-3.605e+00 -3.596e+00  3.455e+00]
 [-2.222e+00 -4.172e+00  6.770e+00]
 [ 1.398e+00 -1.160e+00  4.017e+00]
 [-9.645e-01 -2.934e+00  5.965e+00]
 [ 2.834e+00 -1.706e+00 -1.434e+00]
 [ 1.019e+00 -4.017e+00  3.432e+00]
 [ 1.101e+00  4.098e-01 -6.202e+00]
 [ 2.821e+00  2.810e+00 -3.125e+00]
 [ 1.635e+00  1.994e+00 -3.015e+00]
 [-4.606e+00 -1.631e+00  3.081e+00]
 [ 1.614e+00  2.953e+00  1.733e+00]
 [-2.472e+00 -4.317e-01  1.400e+00]
 [-1.569e+00 -8.871e-01  9.902e-01]
 [ 1.178e+00  2.050e+00  7.649e+00]
 [ 1.405e+00  2.000e+00 -4.492e+00]
 [ 5.848e+00  2.839e+00 -4.948e+00]
 [ 2.030e+00  2.659e+00  4.128e-01]
 [-6.170e+00 -2.926e+00 -6.067e+00]
 [-1.200e-01  3.189e-01 -3.979e+00]
 [-2.998e-01  1.594e+00 -3.126e+00]
 [-1.116e+00  1.010e+00 -2.059e+00]
 [ 4.122e+00  1.464e+00 -7.965e-01]
 [-3.403e+00 -3.019e-01 -8.871e+00]
 [ 4.590e+00  5.367e+00  8.853e-01]
 [ 1.439e+00  2.316e+00  7.193e-01]
 [-2.347e+00  5.108e-01 -9.072e+00]
 [-2.256e+00  8.977e-01 -8.370e-01]
 [-3.605e+00 -1.549e+00  2.425e+00]
 [-2.411e+00  2.611e+00  4.889e+00]
 [-2.160e-01  1.781e+00 -1.028e+00]
 [-4.515e+00 -1.637e+00 -3.601e+00]
 [ 1.295e+00  3.023e+00 -8.120e-01]
 [ 6.174e+00  5.340e+00 -8.343e+00]
 [-6.866e-01  6.047e-01 -2.264e+00]
 [ 1.207e-01 -3.345e-01 -6.756e+00]
 [-2.427e+00  3.230e-01  6.305e-01]
 [-1.143e+00  3.944e+00  2.322e+00]
 [-3.371e+00  2.409e+00  8.971e+00]
 [-3.979e+00 -1.585e+00  4.150e+00]
 [-8.347e-01  1.947e+00 -6.132e+00]
 [ 2.546e+00  3.401e+00  2.033e-02]
 [ 8.031e-01  2.718e+00 -4.971e+00]
 [ 2.314e+00  9.722e-01 -6.092e+00]
 [-4.107e+00 -2.749e+00 -2.830e+00]
 [ 1.395e-01  2.079e+00 -4.827e+00]
 [-4.788e+00 -7.684e-01 -3.662e-01]
 [-4.802e+00 -3.656e+00  1.310e+00]
 [-8.195e-01  1.237e+00  7.347e+00]
 [-1.086e+00  4.180e-01  8.081e-01]
 [-1.228e-01 -3.477e-01  5.626e-02]
 [-4.133e+00 -9.894e-01 -8.954e+00]
 [ 4.436e-01  2.544e-01  3.387e+00]
 [ 2.933e+00 -8.196e-01  1.929e+00]
 [-5.142e-01 -2.811e+00 -2.567e+00]
 [ 3.654e+00  3.648e-01  2.169e+00]
 [-3.187e+00 -2.644e+00  2.015e+00]
 [ 8.996e+00  3.020e+00 -4.563e+00]
 [ 9.291e-01 -4.979e-01  2.846e+00]
 [-2.243e+00 -3.432e-01 -3.161e+00]
 [ 3.214e-01  5.111e-01  4.345e+00]
 [-2.300e+00  9.717e-01  8.856e+00]
 [-2.271e+00 -1.680e+00 -6.177e+00]
 [-1.955e+00  1.298e+00  4.316e+00]
 [ 8.699e-01  1.164e+00  3.287e+00]
 [ 4.780e+00  3.401e+00  3.977e+00]
 [-5.077e-01  5.929e-01  8.831e+00]
 [-2.228e+00  4.446e-01 -5.896e+00]
 [-2.221e+00 -1.946e-02 -2.254e+00]
 [ 2.562e+00  3.585e+00  1.106e+00]
 [-3.085e+00  1.600e+00 -2.848e+00]
 [-4.869e+00  1.285e+00 -3.807e+00]
 [ 8.478e-01  2.531e+00  7.777e+00]
 [-1.556e+00 -1.845e+00  6.741e+00]
 [-2.334e+00 -1.451e+00  9.048e+00]
 [-1.871e+00 -1.260e+00 -3.933e+00]
 [ 5.862e-02  2.726e+00  5.024e+00]
 [-1.992e+00  3.649e+00  3.945e-02]
 [-7.920e+00  4.467e-01  1.585e+00]
 [-2.720e+00 -1.326e+00  3.781e+00]
 [-4.420e+00  2.081e+00  7.108e+00]
 [-3.468e+00  2.102e+00  6.110e+00]
 [-1.646e-01  9.849e-01  1.134e+01]
 [-3.048e+00  2.140e+00 -1.356e+00]
 [ 6.958e+00  5.715e+00  7.992e+00]
 [-5.386e+00  3.919e-01  5.117e+00]
 [-3.157e+00  1.329e+00 -1.498e+00]
 [-3.629e+00 -1.719e+00  6.358e+00]
 [ 3.164e+00  2.283e+00 -2.051e+00]
 [-5.645e+00 -1.073e+00 -1.253e-01]
 [-1.643e+00  3.558e+00  4.964e+00]
 [-2.361e-01  3.412e+00  1.079e+00]
 [ 3.766e+00  5.546e+00  1.095e+01]
 [-2.482e+00  2.400e+00  4.718e+00]
 [ 3.233e+00  6.298e+00 -4.546e-01]
 [ 3.907e-01  8.439e-01  5.076e+00]
 [ 3.182e-01 -6.476e-02 -4.724e+00]
 [-4.826e+00 -6.725e-01  4.286e-01]
 [-4.596e+00  5.659e-02 -3.998e+00]
 [-7.254e-01 -6.517e-01  3.403e-02]
 [ 1.715e-01  1.926e+00  1.250e+00]
 [ 3.090e+00  4.429e+00 -3.851e+00]
 [-2.675e+00  3.567e-01  4.233e+00]
 [ 7.530e+00  4.077e+00 -2.685e+00]
 [-1.147e-01 -1.242e+00  1.524e+00]
 [-3.155e+00  6.557e-01  3.999e+00]
 [ 4.422e+00  3.578e+00 -3.271e+00]
 [ 5.651e+00  4.851e+00 -4.706e+00]
 [ 5.345e+00  3.210e+00 -7.366e-01]
 [ 2.011e+00  3.996e-01 -5.273e+00]
 [-3.118e+00  1.709e+00  4.097e+00]
 [ 2.503e+00 -9.621e-02  1.994e+00]
 [ 5.501e-01 -4.224e-01  5.809e+00]
 [ 6.793e-01  3.010e+00  1.337e+01]
 [ 7.064e+00  8.097e+00 -1.354e+00]
 [ 3.895e-01  8.382e-01  3.157e+00]
 [ 2.357e+00  3.072e+00  2.298e+00]
 [ 2.118e+00  2.966e+00 -4.007e+00]
 [ 5.066e-01  1.856e+00  1.264e+00]
 [-2.335e+00  4.278e-01  5.792e-01]
 [ 1.944e+00  6.628e-01  3.937e+00]
 [-9.667e-01  9.108e-02  1.260e+01]
 [ 8.968e-01  2.141e+00  6.748e+00]
 [-2.909e+00 -2.880e+00  1.298e+01]
 [-2.044e+00 -2.262e+00  1.169e+01]
 [ 4.180e+00  3.771e+00  4.218e-01]
 [ 9.583e-01  1.641e+00  2.451e+00]
 [-5.359e+00 -1.664e+00 -2.049e+00]
 [-4.556e+00 -3.876e-01  2.220e+00]
 [-2.336e+00 -9.063e-01  3.376e+00]
 [-2.651e+00 -1.034e+00  6.204e+00]
 [-5.936e-01  3.759e+00  1.306e+01]
 [-6.984e-01  1.643e+00  7.565e+00]
 [ 5.096e+00  3.855e+00  2.284e+00]
 [ 7.430e-01  3.210e-01  9.901e+00]
 [-3.764e+00  6.170e-01 -5.278e+00]
 [-4.666e+00 -1.640e+00 -4.770e+00]
 [ 3.456e-02  5.101e-01  2.086e+00]
 [-3.896e+00 -1.710e+00  2.944e+00]
 [-1.013e-01 -2.263e+00  3.472e+00]
 [ 1.587e+00  4.643e+00 -2.322e-01]
 [ 1.897e+00  3.188e+00 -5.442e-01]
 [ 1.193e+00  2.927e+00  1.063e+01]
 [-3.299e-01  3.686e+00 -5.112e+00]
 [ 4.164e-02  3.781e+00  1.151e+00]
 [ 1.053e+00  1.905e+00 -1.168e+00]
 [-3.882e+00 -1.055e-01 -3.954e+00]
 [-1.684e+00  9.992e-01  1.553e+00]
 [ 2.689e+00  1.932e+00  1.640e+00]
 [ 1.877e-01 -3.953e-01  1.544e+00]
 [ 3.672e-01  1.641e+00  2.416e+00]
 [-1.847e+00  1.389e+00  4.432e+00]
 [-2.574e-01  1.755e+00  7.143e+00]
 [ 4.747e+00  6.831e+00 -4.279e+00]
 [ 2.248e-01  3.269e+00  4.893e+00]
 [ 4.087e+00  2.985e+00 -5.588e-01]
 [ 2.940e+00  3.025e+00  1.207e+00]
 [ 4.664e+00  6.441e+00  3.105e+00]
 [ 4.271e+00  2.382e+00  5.411e+00]
 [-8.123e-01  2.812e+00  5.373e+00]
 [ 6.554e-01  7.105e-01  4.125e+00]
 [-1.177e+00  1.478e+00  4.665e-01]
 [-6.682e-01  1.008e+00  2.108e+00]
 [ 4.105e+00  2.915e+00 -6.062e+00]
 [ 7.209e+00  4.422e+00 -2.097e+00]
 [ 1.949e+00  4.439e+00 -2.954e+00]
 [ 1.477e+00  5.699e+00  5.683e+00]
 [ 2.539e+00  2.077e+00  1.063e+01]
 [-1.897e+00  2.373e+00  2.014e+00]
 [ 1.926e+00  1.610e+00  4.482e+00]
 [-4.793e-01  1.393e+00 -3.513e+00]
 [ 8.091e+00  4.238e+00  2.193e+00]
 [-1.088e+00 -3.738e-01 -3.160e+00]
 [-3.565e+00 -3.081e+00 -4.962e+00]
 [-1.934e+00  1.116e+00  5.669e+00]
 [ 1.367e+00  6.886e-01  3.830e+00]
 [-4.055e+00 -3.224e+00 -4.262e+00]
 [ 1.256e+00  5.555e-01  7.224e+00]
 [ 2.106e+00  1.673e+00 -3.856e+00]
 [-2.925e-02 -8.299e-01 -4.969e+00]
 [-3.429e+00 -2.660e+00 -1.967e-01]
 [-2.130e+00 -1.797e+00  9.086e-01]
 [-1.018e+00 -1.777e+00  1.836e+00]
 [-2.840e+00 -1.219e+00  5.198e-01]
 [-1.126e+00 -6.036e-01  1.792e+00]
 [ 2.238e+00  7.209e-01  3.818e+00]
 [-7.059e-02  2.270e-02 -1.147e+01]
 [ 1.562e+00 -1.090e-01 -8.667e+00]
 [-5.812e+00 -4.830e+00 -6.818e+00]
 [-2.035e+00 -1.176e+00 -1.614e+00]
 [-3.334e-01 -3.951e-01 -1.745e+00]
 [-3.504e+00  1.142e+00  2.605e-01]
 [ 1.588e+00  4.832e+00  6.603e+00]
 [ 2.979e+00  2.781e+00  1.539e+00]
 [-8.262e-01 -1.742e-01 -4.792e+00]
 [-8.318e-02  5.836e-01 -5.367e+00]
 [ 9.212e-01  4.366e-01 -5.566e+00]
 [-3.847e+00  9.318e-01 -1.501e+00]
 [ 1.613e+00  1.651e+00 -7.569e+00]
 [ 6.261e-04 -1.367e+00 -1.105e+00]]
With convolution Theorem: 
[[-0.186  1.612  1.447]
 [ 1.931 -0.026  2.455]
 [ 3.41   1.095  2.338]
 ...
 [ 0.049 -0.052 -0.059]
 [ 0.028 -0.044 -0.037]
 [ 0.079 -0.186  0.03 ]]